1: 10.06023, 10.29240, 10.32408
2: 5.383539, 5.326929, 5.291294
4: 2.958077, 2.942669, 2.887238
6: 2.459619, 2.424400, 2.487524
8: 2.358709, 2.432784, 2.674444
10: 2.617219, 2.404823, 2.546806
20: 2.210654, 2.184587, 2.126907

1 10.22557
2 5.3339206666667
4 2.929328
6 2.457181
8 2.4886456666667
10 2.5229493333333
20 2.1740493333333

1var: 0.020753892300036
2var: 0.0021639475583299
4var: 0.0013880276909983
6var: 0.0010006177269979
8var: 0.027262541908332
10var: 0.011704870612331
20var: 0.0018366718163341
