1: 100.2230, 101.6991, 101.0040
2: 52.02091, 52.05773, 51.49240
4: 27.04859, 26.662303, 26.63817
6: 21.19801, 22.03368, 20.60763
8: 22.91312, 22.18481, 21.67300
10: 20.82676, 21.59218, 21.37488
20: 20.44818, 20.06815, 20.00858

1 100.97536666667
2 51.857013333333
4 26.783021
6 21.279773333333
8 22.256976666667
10 21.264606666667
20 20.17497

1var: 0.54533270
2var: 0.10004609023326
4var: 0.05304077074311
6var: 0.51341858263334
8var: 0.38838042443331
10var: 0.15558710013329
20var: 0.056869924300031
